340 865 1.0227778681205915
280 215 9.799942184450936
442 393 6.527459181667317
220 216 6.073558640752504
304 110 3.2525543004762456
106 113 8.675345205731691
799 636 6.591612144467639
799 238 3.5343918748468175
799 865 6.544539858411026
936 43 2.186785150087074
936 624 6.8422667970251165
304 294 5.3846169155790315
898 636 4.145589860445733
898 43 4.949734209752758
898 624 3.6714926042971516
936 753 9.755728545978428
280 887 3.452665174313086
89 295 2.670576583351771
392 815 6.829853970375915
484 216 5.158541936617691
324 665 9.024487354841215
275 865 5.30229793039894
209 865 9.695598162660799
218 430 3.142735939381823
209 679 5.9896177071559755
484 982 2.175087057412162
510 427 9.8431676982947
382 753 8.992111351769713
462 971 8.373871943257651
220 465 8.656771590729361
857 113 8.711653240883535
462 624 7.928740519666407
842 113 5.26891393212853
554 966 5.278640152670982
510 802 5.111850261680087
929 636 7.962810124445006
262 373 7.433936462137326
179 920 3.252570332814516
42 110 3.2361793635692333
936 872 6.090039850921868
898 982 5.276419335988454
936 971 9.853577667422538
42 316 7.792693900476839
717 295 2.9895265647766296
67 481 4.6790178772217
392 679 6.747958338872027
913 887 7.131689601886881
5 590 9.418090473978065
415 393 4.850705986518156
515 966 6.439429550895043
799 373 4.277718394888311
218 481 7.029716968457493
895 603 8.320714401415055
717 603 2.1324581798811595
717 603 2.1324581798811595
964 617 3.625461908809597
48 920 6.932881453289539
249 865 4.831558951977726
280 393 6.150588305772298
767 427 8.107576886325617
179 72 1.4472357390902053
263 982 1.1877651287254745
350 802 3.340347745467364
972 590 7.119840485303037
484 774 8.842947798493274
895 217 7.820929301595909
725 908 9.368882211093199
604 887 7.810329614750884
939 430 2.6047259333251827
382 186 7.922541906778945
799 178 1.9622861449607503
340 616 6.157508140673286
543 178 5.196577332723315
89 393 7.775112276328433
607 86 6.512407200697339
415 455 8.902056226574054
930 455 6.260046836781074
148 750 2.352081542346872
543 178 8.448539784834173
484 585 8.105414043376065
345 79 5.104617221569786
819 215 3.556088085580404
543 423 7.774853830969391
106 503 7.100316102209685
898 802 2.654077883164542
484 481 2.2938123057516893
340 267 7.200312840136212
895 665 1.0713274534148
819 752 5.656893346448385
732 224 1.3006701205098314
295 899 1.6701347848488808
484 186 3.9016056477515995
554 859 8.073986424807408
554 503 5.902228026788847
648 966 4.974823612586336
648 966 10.0
648 966 10.0
