766 934 8.976840050665079
421 518 7.013687248405317
861 43 7.897447483992195
38 752 7.957057654174392
887 40 8.350379591894283
139 634 1.4737138731403272
360 43 8.43428617356926
670 518 1.01909204166662
670 557 7.177083652574492
458 942 3.175700830430724
735 934 4.635661105234507
33 119 1.6957238851048653
33 769 9.144796931339727
669 752 8.979939605622468
887 188 2.735821745593441
755 40 5.9796861859963135
582 292 1.212629728480875
955 942 5.161544857922005
33 685 8.679756596389975
861 634 5.2254819044366005
72 445 5.564156528764217
40 414 3.1631206099777165
33 449 6.898774991223147
730 292 8.555844805950887
582 752 6.537025233998308
38 119 4.793972835009569
730 685 7.660380389351203
94 449 6.300663896048267
973 501 1.4554828024024733
670 834 2.017137564380326
907 942 3.223154517315051
117 445 8.783297353104897
72 43 6.19549298830415
184 752 2.974557738520039
290 44 4.125371367524918
582 501 6.568524865955183
216 196 2.615785524049215
585 1 9.62748353948699
360 145 6.045824629746397
730 848 8.145796526457518
162 868 1.5723988671031965
335 246 7.596249765935715
376 204 9.276019996615677
457 959 4.608757760965066
132 739 3.722571253383996
216 851 4.019312216828052
135 674 2.3665737889287284
295 456 4.9723155817359785
915 18 5.382922312126462
324 356 3.6453531837144153
132 868 4.832268897292074
852 851 8.23105262627318
766 777 1.9044667682650034
973 934 4.097271138976962
216 205 7.520733734122627
755 789 4.115044598735618
585 855 5.762874671465692
64 767 7.4626642256634765
708 739 2.549143691033952
132 40 6.78
